84
104
101
32
112
114
105
109
97
114
121
32
116
104
105
110
103
32
119
104
101
110
32
121
111
117
32
116
97
107
101
32
97
32
115
119
111
114
100
32
105
110
32
121
111
117
114
32
104
97
110
100
115
32
105
115
32
121
111
117
114
32
105
110
116
101
110
116
105
111
110
32
116
111
32
99
117
116
32
116
104
101
32
101
110
101
109
121
44
10
108
119
104
97
116
101
118
101
114
32
116
104
101
32
109
101
97
110
115
46
87
104
101
110
101
118
101
114
32
121
111
117
32
112
97
114
114
121
44
32
104
105
116
44
32
115
112
114
105
110
103
44
32
115
116
114
105
107
101
32
111
114
32
116
111
117
99
104
32
116
104
101
32
101
110
101
109
121
39
115
32
99
117
116
116
105
110
103
32
115
119
111
114
100
44
32
121
111
117
32
109
117
115
116
32
99
117
116
32
116
104
101
32
101
110
101
109
121
10
108
105
110
32
116
104
101
32
115
97
109
101
32
109
111
118
101
109
101
110
116
46
32
73
116
32
105
115
32
101
115
115
101
110
116
105
97
108
32
116
111
32
97
116
116
97
105
110
32
116
104
105
115
46
10
108
73
102
32
121
111
117
32
116
104
105
110
107
32
111
110
108
121
32
111
102
32
104
105
116
116
105
110
103
44
32
115
112
114
105
110
103
105
110
103
44
32
115
116
114
105
107
105
110
103
32
111
114
32
116
111
117
99
104
105
110
103
32
116
104
101
32
101
110
101
109
121
44
32
121
111
117
32
119
105
108
108
32
110
111
116
32
98
101
32
97
98
108
101
32
97
99
116
117
97
108
108
121
32
116
111
32
99
117
116
32
104
105
109
46
0
0
0
0
0
0
0
0
0
0
0
0
0
0
0
0
0
0
0
0
0
0
0
0
0
0
0
0
0
0
0
0
0
0
0
0
0
0
0
0
0
0
